1403715281362142976 529 240 604 317 606 239 528 318 528 332 592 262 604 329 542 263 33 169 432 168 434 172 435 354 28 364 430 358 383 375 417 473 383 374 581 356 581 356 645 419
1403715282062142976 380 229 452 292 446 219 388 306 389 319 439 242 455 303 394 249 9 179 278 165 282 173 308 361 34 432 303 367 254 400 299 477 251 399 440 334 443 335 629 473
1403715282662142976 259 228 341 286 327 212 276 311 280 325 323 237 343 298 276 248 8 173 131 162 136 165 194 388 9 468 193 390 130 445 165 479 133 446 334 334 334 334 613 474
1403715283012143104 198 238 291 295 271 216 226 327 228 342 267 244 295 306 219 260 2 179 56 165 57 176 142 419 51 479 141 431 23 444 65 477 102 476 285 348 290 342 590 453
1403715297562142976 156 150 223 210 218 149 162 210 161 221 212 167 223 219 167 165 3 90 74 87 56 93 65 229 2 233 65 231 23 225 1 246 16 238 171 234 170 235 83 341
1403715298012143104 219 185 276 246 276 184 221 245 220 253 268 204 277 255 228 203 10 136 135 133 132 144 134 262 7 260 131 263 82 268 8 312 86 267 229 268 227 269 113 375
1403715298512143104 266 161 304 229 316 171 255 218 251 228 305 187 304 240 270 180 24 73 198 98 197 102 173 216 8 177 169 218 131 215 18 248 132 214 251 241 251 241 110 315
1403715298812143104 259 155 296 224 311 167 246 210 244 220 299 182 295 234 263 173 31 56 195 89 196 93 166 201 11 159 162 204 12 228 120 202 121 198 240 234 239 235 89 302
1403715299462142976 366 143 410 208 419 148 361 200 358 209 410 166 412 218 374 160 156 83 300 89 299 93 285 202 146 177 280 204 249 205 165 241 252 204 360 223 360 224 246 300
1403715299812143104 465 168 510 238 524 176 455 225 452 236 510 192 509 249 471 186 262 101 400 110 400 110 378 225 251 191 376 226 343 223 261 254 346 223 455 250 455 250 337 325
1403715300312143104 578 220 624 307 648 239 557 283 554 294 630 256 619 320 581 243 363 133 508 150 508 154 469 273 338 219 464 273 430 267 341 293 435 267 554 314 554 314 404 388
1403715301562142976 543 226 587 313 610 242 523 289 519 300 592 261 584 326 548 248 337 137 475 155 475 155 437 278 316 226 436 279 400 273 301 300 403 272 519 319 519 319 359 395
1403715302712143104 517 160 556 233 574 171 500 217 499 227 558 187 554 244 520 180 324 92 457 99 457 99 424 213 307 176 422 214 393 210 309 234 397 211 499 240 499 242 371 299
1403715303162142976 570 132 610 204 631 142 553 190 549 199 615 158 607 215 574 151 376 64 508 71 511 72 473 184 352 148 472 185 368 202 440 181 441 181 549 212 548 214 438 260
1403715303312143104 621 150 659 226 687 162 598 207 596 218 668 179 659 237 623 169 420 78 556 86 556 89 515 200 388 160 514 201 478 196 410 213 483 194 590 231 588 235 478 276