1403715281362142976 529 240 606 239 528 332 604 329 542 263 592 262 528 318 604 317
1403715282062142976 380 229 446 219 389 319 455 303 394 249 439 242 388 306 452 292
1403715282662142976 259 228 327 212 280 325 343 298 276 248 323 237 276 311 341 286
1403715283012143104 198 238 271 216 228 342 295 306 219 260 267 244 226 327 291 295
1403715297562142976 156 150 218 149 161 221 223 219 167 165 212 167 162 210 223 210
1403715298012143104 219 185 276 184 220 253 277 255 228 203 268 204 221 245 276 246
1403715298512143104 266 161 316 171 251 228 304 240 270 180 305 187 255 218 304 229
1403715298812143104 259 155 311 167 244 220 295 234 263 173 299 182 246 210 296 224
1403715299462142976 366 143 419 148 358 209 412 218 374 160 410 166 361 200 410 208
1403715299812143104 465 168 524 176 452 236 509 249 471 186 510 192 455 225 510 238
1403715300312143104 578 220 648 239 554 294 619 320 581 243 630 256 557 283 624 307
1403715301562142976 543 226 610 242 519 300 584 326 548 248 592 261 523 289 587 313
1403715302712143104 517 160 574 171 499 227 554 244 520 180 558 187 500 217 556 233
1403715303162142976 570 132 631 142 549 199 607 215 574 151 615 158 553 190 610 204
1403715303312143104 621 150 687 162 596 218 659 237 623 169 668 179 598 207 659 226